4641
9230
9585
13222
15633
17885
19483
43550
44194
61513
62536
65852
81078
85496
114131
123552
123834
181825
207531
230063
237011
241119
241878
250629
278328
288030
294658
325757
368584
392459
395090
398239
406784
411425
412134
421677
422632
428182
435231
452454
456793
457273
473945
479236
483168
487640
500843
511788
524559
536954
537420
546886
562503
568072
580029
587450
594375
597285
628642
642051
642976
662289
687839
700246
713810
725527
728472
728743
730266
740818
758601
762216
777243
786380
786617
788831
789071
796087
801606
801780
815398
815648
846238
846640
850317
872026
873547
881305
885212
900214
904248
917997
928241
964884
967277
971269
978037
984774
986813
991259
